1546028592,
1546031648,
1546035472,
1546033232,
1546037408,
1546039472,
1546077136,
1546034560,
1546062752,
1546054992,
1546037824,
1546088480,
1546044688,
1546052560,
1546024176,
1546056736,
1546110464,
1546036448,
1546064384,
1546030512,
1546056608,
1546075888,
1546071136,
1546084096,
1546025904,
1546060800,
1546112032,
1546109376,
1546132352,
1546045184,
1546071520,
1546154192,
1546078352,
1546080512,
1546131776,
1546082992,
1546157408,
1546062752,
1546155184,
1546050928,
1546160592,
1546022096,
1546159104,
1546121088,
1546053248,
1546118144,
1546123216,
1546180192,
1546133792,
1546019360,
1546126976,
1546051312,
1546108752,
1546025120,
1546198496,
1546112032,
1546146656,
1546054544,
1546109312,
1546169024,
1546108656,
1546147760,
1546137584,
1546033952,
1546079440,
1546159472,
1546211232,
1546200256,
1546194032,
1546198368,
1546046432,
1546197152,
1546094784,
1546032928,
1546043072,
1546204800,
1546113680,
1546119264,
1546201424,
1546146784,
1546084800,
1546179008,
1546193792,
1546022288,
1546237360,
1546106080,
1546162528,
1546113552,
1546032128,
1546249264,
1546221152,
1546167360,
1546213808,
1546167072,
1546200672,
1546253440,
1546159472,
1546055568,
1546148256,
1546249744,
1546194528,
1546096688,
1546061280,
1546150000,
1546075488,
1546255904,
1546161280,
1546043888,
1546141824,
1546285664,
1546256816,
1546275216,
1546205200,
1546184736,
1546135376,
1546108256,
1546139440,
1546249040,
1546045328,
1546078784,
1546313696,
1546308704,
1546157216,
1546123984,
1546288432,
1546082688,
1546285440,
1546077472,
1546298320,
1546040784,
1546258352,
1546131152,
1546277920,
1546114720,
1546251792,
1546305232,
1546254352,
1546323648,
1546318256,
1546076416,
1546304752,
1546260512,
1546063008,
1546228368,
1546179376,
1546261728,
1546084752,
1546090096,
1546187744,
1546103392,
1546163216,
1546169216,
1546265376,
1546119008,
1546089712,
1546207872,
1546339760,
1546181616,
1546347056,
1546072080,
1546232064,
1546265920,
1546306976,
1546223728,
1546270976,
1546161424,
1546270064,
1546336992,
1546314368,
1546316192,
1546077200,
1546288432,
1546139376,
1546070480,
1546291920,
1546247904,
1546128800,
1546180080,
1546063968,
1546267904,
1546141328,
1546193568,
1546163024,
1546269424,
1546401520,
1546215072,
1546401968,
1546193568,
1546282432,
1546270064,
1546338512,
1546343328,
1546163472,
1546063408,
1546088016,
1546383120,
1546412016,
1546073136,
1546360032,
1546215968,
1546320880,
1546235248,
1546324432,
1546323952,
1546218784,
1546287040,
1546092384,
1546228032,
1546069296,
1546375152,
1546377952,
1546189472,
1546392992,